camera_matrix:
- - 1014.7214071015309
  - 0.0
  - 300.88887537035174
- - 0.0
  - 1017.2197182172375
  - 327.1605099394511
- - 0.0
  - 0.0
  - 1.0
dist_coeff:
- - -0.5009860103884833
  - -0.2131989662929759
  - 0.004228152721955222
  - 0.008093887271051687
  - 5.075457441183315
img_shape:
- 480
- 640
rms_error: 0.6256813050940584
