camera_matrix:
- - 794.2661860483927
  - 0.0
  - 506.55142043116
- - 0.0
  - 787.3574890647735
  - 341.65816490173177
- - 0.0
  - 0.0
  - 1.0
dist_coeff:
- - -0.4266507589761117
  - 0.0800540743945996
  - -0.012520345647958083
  - -0.03503559887684225
  - -0.009679088741545052
img_shape:
- 480
- 640
rms_error: 3.0925307814813072
