# Calibration: /home/puzzlebot/streaming/camera_params.json
# Board: 7x5 inner corners | Frames used: 30 | RMSE: 0.31 px
# Generated 2026-06-02 from cam_calibration.py — new lens (fx≈816, replaces old fx≈972)
image_width: 1280
image_height: 720
camera_name: camera
camera_matrix:
  rows: 3
  cols: 3
  data: [816.3863037126946, 0.0, 683.7486580710961, 0.0, 817.0822421505791, 358.4122352481562, 0.0, 0.0, 1.0]
distortion_model: plumb_bob
distortion_coefficients:
  rows: 1
  cols: 5
  data: [-0.36287514089065886, 0.19139051863046594, 0.00014941313762118974, 0.00022850001573692259, -0.05782727980320047]
rectification_matrix:
  rows: 3
  cols: 3
  data: [1.0, 0.0, 0.0, 0.0, 1.0, 0.0, 0.0, 0.0, 1.0]
projection_matrix:
  rows: 3
  cols: 4
  data: [816.3863037126946, 0.0, 683.7486580710961, 0.0, 0.0, 817.0822421505791, 358.4122352481562, 0.0, 0.0, 0.0, 1.0, 0.0]
